REFERENCE
100
4.933655265e-06
0.62
END_REFERENCE
n	x	v	v'	|v - v'|
0	0	0	0	0
1	0.01	0.006490396381	0.00649063317	2.367883699e-07
2	0.02	0.01269573315	0.01269619104	4.578900887e-07
3	0.03	0.01862801773	0.01862868195	6.642226746e-07
4	0.04	0.02429870626	0.02429956291	8.566461876e-07
5	0.05	0.02971873242	0.02971976839	1.035967218e-06
6	0.06	0.03489853462	0.03489973756	1.202942569e-06
7	0.07	0.03984808151	0.03984943979	1.358282651e-06
8	0.08	0.04457689602	0.04457839868	1.50265463e-06
9	0.09	0.04909407801	0.04909571469	1.636685328e-06
10	0.1	0.05340832555	0.05341008651	1.760963915e-06
11	0.11	0.05752795503	0.05752983108	1.876044396e-06
12	0.12	0.06146092013	0.06146290258	1.982447923e-06
13	0.13	0.06521482965	0.06521691031	2.080664931e-06
14	0.14	0.06879696441	0.06879913557	2.171157126e-06
15	0.15	0.07221429319	0.07221654755	2.254359326e-06
16	0.16	0.07547348777	0.07547581845	2.330681176e-06
17	0.17	0.07858093716	0.07858333767	2.400508741e-06
18	0.18	0.08154276107	0.08154522528	2.464205983e-06
19	0.19	0.08436482261	0.08436734473	2.52211614e-06
20	0.2	0.08705274038	0.08705531494	2.574563012e-06
21	0.21	0.08961189981	0.08961452166	2.621852154e-06
22	0.22	0.09204746404	0.09205012831	2.664271991e-06
23	0.23	0.0943643841	0.0943670862	2.702094857e-06
24	0.24	0.09656740865	0.09657014423	2.735577967e-06
25	0.25	0.09866109314	0.09866385811	2.76496432e-06
26	0.26	0.1006498086	0.1006525991	2.790483546e-06
27	0.27	0.1025377499	0.1025405622	2.812352696e-06
28	0.28	0.1043289435	0.1043317743	2.830776984e-06
29	0.29	0.1060272552	0.1060301011	2.845950474e-06
30	0.3	0.1076363969	0.1076392549	2.858056732e-06
31	0.31	0.1091599336	0.1091628009	2.867269428e-06
32	0.32	0.1106012898	0.1106041636	2.873752905e-06
33	0.33	0.1119637554	0.111966633	2.877662715e-06
34	0.34	0.1132504915	0.1132533707	2.87914611e-06
35	0.35	0.1144645364	0.1144674147	2.878342518e-06
36	0.36	0.1156088102	0.1156116856	2.875383977e-06
37	0.37	0.1166861202	0.1166889906	2.870395547e-06
38	0.38	0.1176991655	0.117702029	2.863495703e-06
39	0.39	0.1186505418	0.1186533966	2.854796693e-06
40	0.4	0.1195427454	0.1195455898	2.844404879e-06
41	0.41	0.1203781775	0.1203810099	2.832421065e-06
42	0.42	0.121159148	0.121161967	2.818940793e-06
43	0.43	0.1218878796	0.1218906836	2.804054632e-06
44	0.44	0.1225665109	0.1225692988	2.787848443e-06
45	0.45	0.1231971003	0.1231998707	2.770403633e-06
46	0.46	0.1237816287	0.1237843805	2.751797391e-06
47	0.47	0.1243220034	0.1243247355	2.732102913e-06
48	0.48	0.1248200602	0.1248227716	2.711389614e-06
49	0.49	0.125277567	0.1252802567	2.689723324e-06
50	0.5	0.125696226	0.1256988931	2.66716648e-06
51	0.51	0.1290337167	0.1290368301	3.113351169e-06
52	0.52	0.1318746809	0.1318781749	3.493927701e-06
53	0.53	0.1342512451	0.1342550612	3.816133313e-06
54	0.54	0.1361929558	0.1361970422	4.086344759e-06
55	0.55	0.1377270235	0.1377313337	4.310191197e-06
56	0.56	0.1388785392	0.1388830318	4.492650739e-06
57	0.57	0.1396706675	0.1396753057	4.638133252e-06
58	0.58	0.1401248203	0.1401295708	4.750551553e-06
59	0.59	0.1402608108	0.1402656442	4.833382783e-06
60	0.6	0.140096993	0.1401018827	4.889721435e-06
61	0.61	0.1396503863	0.1396553086	4.922325286e-06
62	0.62	0.1389367883	0.1389417219	4.933655265e-06
63	0.63	0.1379708758	0.1379758017	4.925910136e-06
64	0.64	0.1367662968	0.1367711979	4.901056734e-06
65	0.65	0.1353357535	0.1353406144	4.860856375e-06
66	0.66	0.1336910772	0.1336958841	4.806887972e-06
67	0.67	0.1318432966	0.1318480371	4.740568302e-06
68	0.68	0.1298027	0.1298073632	4.66316981e-06
69	0.69	0.1275788917	0.1275834675	4.575836278e-06
70	0.7	0.1251808431	0.1251853227	4.479596634e-06
71	0.71	0.1226169403	0.1226213156	4.375377149e-06
72	0.72	0.1198950262	0.1198992902	4.264012217e-06
73	0.73	0.1170224406	0.1170265869	4.146253908e-06
74	0.74	0.1140060554	0.1140100782	4.022780441e-06
75	0.75	0.1108523081	0.1108562023	3.894203707e-06
76	0.76	0.1075672316	0.1075709926	3.761075964e-06
77	0.77	0.1041564824	0.1041601063	3.6238958e-06
78	0.78	0.1006253662	0.1006288493	3.483113452e-06
79	0.79	0.09697886115	0.09698220028	3.339135554e-06
80	0.8	0.09322163968	0.09322483201	3.192329383e-06
81	0.81	0.08935808875	0.08936113177	3.043026663e-06
82	0.82	0.08539232817	0.08539521969	2.891526968e-06
83	0.83	0.08132822779	0.08133096589	2.738100783e-06
84	0.84	0.07716942335	0.07717200634	2.582992248e-06
85	0.85	0.07291933111	0.07292175753	2.426421625e-06
86	0.86	0.06858116149	0.06858343008	2.268587521e-06
87	0.87	0.06415793168	0.06416004135	2.109668891e-06
88	0.88	0.05965247735	0.05965442718	1.949826844e-06
89	0.89	0.05506746354	0.05506925274	1.789206268e-06
90	0.9	0.05040539478	0.05040702271	1.627937306e-06
91	0.91	0.04566862452	0.04567009066	1.466136688e-06
92	0.92	0.0408593639	0.04086066781	1.30390893e-06
93	0.93	0.03597968993	0.03598083128	1.141347433e-06
94	0.94	0.03103155311	0.03103253165	9.785354656e-07
95	0.95	0.02601678456	0.02601760011	8.155470622e-07
96	0.96	0.02093710266	0.02093775511	6.524478394e-07
97	0.97	0.01579411926	0.01579460855	4.892957342e-07
98	0.98	0.01058934548	0.01058967162	3.261416762e-07
99	0.99	0.005324197176	0.005324360206	1.630301997e-07
100	1	0	0	0
